7333 0a76 6572 7369 6f6e 2031 2e30 0a63
686b 7375 6d30 2079 6573 0a65 6e64 6864
720a 4433 2211 3300 0000 0300 0000 0400
0000 6402 0000 99f7 9147 00e8 b945 0000
0000 0000 0000 0000 0000 80aa 9847 00e8
b945 0000 0000 0000 0000 0000 0000 976e
3f47 00e8 b945 a541 4047 00a2 c146 0000
0000 0000 0000 0000 0000 586c 7f47 00a2
c146 0000 0000 0000 0000 0000 0000 b89c
cd47 00a2 c146 aafc fb46 00b0 7146 0000
0000 0000 0000 0000 0000 f7a3 6347 00b0
7146 0000 0000 0000 0000 0000 0000 2656
3c47 00b0 7146 2f06 e745 0030 2846 0000
0000 0000 0000 0000 0000 8aaa e845 0030
2846 0000 0000 0000 0000 0000 0000 1c13
1046 0030 2846 22e1 3346 0028 7246 0000
0000 0000 0000 0000 0000 5e7a 2646 0028
7246 0000 0000 0000 0000 0000 0000 649f
8a46 0028 7246 81cf 3346 0080 7145 0000
0000 0000 0000 0000 0000 5945 d345 0080
7145 0000 0000 0000 0000 0000 0000 2ac4
a745 0080 7145 064b 8345 00a0 a144 0000
0000 0000 0000 0000 0000 75d5 ff44 00a0
a144 0000 0000 0000 0000 0000 0000 36c3
f044 00a0 a144 b215 9c45 0040 a944 0000
0000 0000 0000 0000 0000 8c1f c945 0040
a944 0000 0000 0000 0000 0000 0000 388d
d945 0040 a944 ee0f 5a46 00e0 6345 0000
0000 0000 0000 0000 0000 fe3e 4f46 00e0
6345 0000 0000 0000 0000 0000 0000 f91e
1a46 00e0 6345 bb7d 3746 0078 ba45 0000
0000 0000 0000 0000 0000 c1e4 0746 0078
ba45 0000 0000 0000 0000 0000 0000 9371
ff45 0078 ba45 1d35 0246 00b0 3745 0000
0000 0000 0000 0000 0000 ed46 9345 00b0
3745 0000 0000 0000 0000 0000 0000 1b42
a945 00b0 3745 faff fb45 0090 5f45 0000
0000 0000 0000 0000 0000 7ba8 8b46 0090
5f45 0000 0000 0000 0000 0000 0000 a9ab
c946 0090 5f45 f4da 9e46 001c 2c46 0000
0000 0000 0000 0000 0000 f799 ba46 001c
2c46 0000 0000 0000 0000 0000 0000 b41b
be46 001c 2c46 fc29 e246 0060 7745 0000
0000 0000 0000 0000 0000 14d6 4446 0060
7745 0000 0000 0000 0000 0000 0000 f47b
0e46 0060 7745 b684 7244 0080 a643 0000
0000 0000 0000 0000 0000 a300 ac44 0080
a643 0000 0000 0000 0000 0000 0000 9c4b
a144 0080 a643 59b7 e645 0030 6245 0000
0000 0000 0000 0000 0000 2fac 9f45 0030
6245 0000 0000 0000 0000 0000 0000 4010
9345 0030 6245 1ce4 f744 0080 bb43 0000
0000 0000 0000 0000 0000 675f 7744 0080
bb43 0000 0000 0000 0000 0000 0000 80d3
c344 0080 bb43 23e6 c645 00a0 2445 0000
0000 0000 0000 0000 0000 3647 2046 00a0
2445 0000 0000 0000 0000 0000 0000 f69f
2746 00a0 2445 4b6e 3144 0000 0b43 0000
0000 0000 0000 0000 0000 8c10 6d44 0000
0b43 0000 0000 0000 0000 0000 0000 a1fe
d643 0000 0b43 94a7 c646 0060 6746 0000
0000 0000 0000 0000 0000 3906 b146 0060
6746 0000 0000 0000 0000 0000 0000 c395
3b47 0060 6746 896f 4246 00e0 c645 0000
0000 0000 0000 0000 0000 5ae3 2b46 00e0
c645 0000 0000 0000 0000 0000 0000 f063
4d46 00e0 c645 9f48 aa46 00a0 3146 0000
0000 0000 0000 0000 0000 57de d046 00a0
3146 0000 0000 0000 0000 0000 0000 9e5f
2447 00a0 3146 ae13 1a47 0040 1b46 0000
0000 0000 0000 0000 0000 a47c 6546 0040
1b46 0000 0000 0000 0000 0000 0000 3b18
a646 0040 1b46 e31f 8745 0000 b944 0000
0000 0000 0000 0000 0000 6d81 4f45 0000
b944 0000 0000 0000 0000 0000 0000 ddd4
1745 0000 b944 4f4e 7a46 0084 0746 0000
0000 0000 0000 0000 0000 94ed 6e46 0084
0746 0000 0000 0000 0000 0000 0000 ab06
aa46 0084 0746 3b3f 0f46 00e0 cc45 0000
0000 0000 0000 0000 0000 8cd7 1046 00e0
cc45 0000 0000 0000 0000 0000 0000 2ac2
4d46 00e0 cc45 bb9f 7546 0060 db45 0000
0000 0000 0000 0000 0000 28f1 c246 0060
db45 0000 0000 0000 0000 0000 0000 6f09
2247 0060 db45 20bc fb45 0030 2645 0000
0000 0000 0000 0000 0000 4b8e 8145 0030
2645 0000 0000 0000 0000 0000 0000 476b
ed45 0030 2645 a94b aa46 0028 3b46 0000
0000 0000 0000 0000 0000 7af7 d146 0028
3b46 0000 0000 0000 0000 0000 0000 44be
f446 0028 3b46 6d46 9946 0018 e145 0000
0000 0000 0000 0000 0000 0c6e 5c46 0018
e145 0000 0000 0000 0000 0000 0000 7b15
3a46 0018 e145 1e84 ca46 0088 5146 0000
0000 0000 0000 0000 0000 d102 f746 0088
5146 0000 0000 0000 0000 0000 0000 c466
0147 0088 5146 ad09 0947 0000 e245 0000
0000 0000 0000 0000 0000 dc43 1d46 0000
e245 0000 0000 0000 0000 0000 0000 477b
1346 0000 e245 48eb 0346 0040 a144 0000
0000 0000 0000 0000 0000 850a 4145 0040
a144 0000 0000 0000 0000 0000 0000 a87d
5145 0040 a144 1010 3c46 0064 1046 0000
0000 0000 0000 0000 0000 c0c6 6846 0064
1046 0000 0000 0000 0000 0000 0000 28bd
9046 0064 1046 a0d2 9545 00b0 8345 0000
0000 0000 0000 0000 0000 4079 ad45 00b0
8345 0000 0000 0000 0000 0000 0000 e8a3
d445 00b0 8345 0758 dd46 00b4 3846 0000
0000 0000 0000 0000 0000 6cf1 1d47 00b4
3846 0000 0000 0000 0000 0000 0000 2916
0847 00b4 3846 d5e8 6945 0080 8c44 0000
0000 0000 0000 0000 0000 0a95 f045 0080
8c44 0000 0000 0000 0000 0000 0000 5bc0
6145 0080 8c44 66f8 3346 00a0 7545 0000
0000 0000 0000 0000 0000 1c7e 7546 00a0
7545 0000 0000 0000 0000 0000 0000 d7e9
1d46 00a0 7545 6242 5146 0058 8b45 0000
0000 0000 0000 0000 0000 c986 c346 0058
8b45 0000 0000 0000 0000 0000 0000 df5a
2c46 0058 8b45 fe6c 5a47 0028 5a46 0000
0000 0000 0000 0000 0000 8f29 9b46 0028
5a46 0000 0000 0000 0000 0000 0000 407c
c946 0028 5a46 d638 8446 0000 b445 0000
0000 0000 0000 0000 0000 fe6f d246 0000
b445 0000 0000 0000 0000 0000 0000 2d16
2a46 0000 b445 201c 1546 0000 9a45 0000
0000 0000 0000 0000 0000 96aa 3f46 0000
9a45 0000 0000 0000 0000 0000 0000 cf7e
dd46 0000 9a45 95eb fa44 0060 cd44 0000
0000 0000 0000 0000 0000 edcb 7c44 0060
cd44 0000 0000 0000 0000 0000 0000 a696
dc44 0060 cd44 52a7 f245 0098 8545 0000
0000 0000 0000 0000 0000 dd44 3946 0098
8545 0000 0000 0000 0000 0000 0000 a721
0a46 0098 8545 6e0e 5f46 0054 0146 0000
0000 0000 0000 0000 0000 61ab 6e46 0054
0146 0000 0000 0000 0000 0000 0000 ee86
6f46 0054 0146 e0df eb45 0030 3e45 0000
0000 0000 0000 0000 0000 b458 ce45 0030
3e45 0000 0000 0000 0000 0000 0000 35cb
8945 0030 3e45 072b 0445 0000 df44 0000
0000 0000 0000 0000 0000 d461 b745 0000
df44 0000 0000 0000 0000 0000 0000 9fc6
5646 0000 df44 08d5 8145 0000 1b45 0000
0000 0000 0000 0000 0000 d0b4 a245 0000
1b45 0000 0000 0000 0000 0000 0000 2057
0646 0000 1b45 798d 2246 0078 8145 0000
0000 0000 0000 0000 0000 9acc 2346 0078
8145 0000 0000 0000 0000 0000 0000 c31d
f145 0078 8145 3e96 e445 0070 4a45 0000
0000 0000 0000 0000 0000 e431 1346 0070
4a45 0000 0000 0000 0000 0000 0000 62bd
cb45 0070 4a45 c50f ec44 0000 0444 0000
0000 0000 0000 0000 0000 23a1 0045 0000
0444 0000 0000 0000 0000 0000 0000 8466
c144 0000 0444 a28c 7b0d 